Sample	Total Reads	Total Passed QC	Mapped	Duplicates	Paired in Sequencing	Properly Paired	Self and mate mapped	Singletons	Mate mapped to diff chr	Diff chr (mapQ >= 5)
REF0009-mgg-pbdrep | M301474.lib1	100.0	100.0	85.63512691271148	0.0	100.0	78.0887661313187	84.64033242239736	0.9947944903141224	1.7355323918288053	0.756854140961354
REF0009-mgg-pbdrep | M301475.lib1	100.0	100.0	7.698012163924309	0.0	100.0	7.137097978319945	7.517345039368512	0.18066712455579778	0.14632543972287754	0.06619484177939698
REF0009-mgg-pbdrep | M301476.lib1	100.0	100.0	85.9194676405419	0.0	100.0	81.0660609726671	84.95656165140045	0.962905989141437	1.2922169894592	0.6570842276312385
REF0009-mgg-pbdrep | M301477.lib1	100.0	100.0	85.56124448989078	0.0	100.0	77.41656120337652	84.4768688373176	1.084375652573189	2.006170263951989	0.9333823437423463
REF0009-mgg-pbdrep | M301478.lib1	100.0	100.0	86.40826600198425	0.0	100.0	80.57413675804855	85.4132433551171	0.9950226468671586	1.463125596186319	0.6891600261142301
REF0009-mgg-pbdrep | M301479.lib1	100.0	100.0	4.136411089200789	0.0	100.0	3.394037814638673	4.004175849669412	0.13223523953137686	0.18327340215752233	0.08351699338823802
REF0009-mgg-pbdrep | M301480.lib1	100.0	100.0	85.88240619768935	0.0	100.0	77.54043485354187	84.82185772346978	1.0605484742195745	2.1495132779379986	1.0309847499729194
REF0009-mgg-pbdrep | M301481.lib1	100.0	100.0	82.35053535246664	0.0	100.0	74.15388844916971	80.27653809271766	2.073997259748989	1.4525943982650014	0.6033276313488852
REF0009-mgg-pbdrep | M301482.lib1	100.0	100.0	85.74571457172266	0.0	100.0	75.44173704813322	84.5075804723999	1.2381340993227565	2.471715150536917	1.1140571256196874
REF0009-mgg-pbdrep | M301483.lib1	100.0	100.0	70.12232974040793	0.0	100.0	60.60238507299695	67.27012705247387	2.852202687934064	1.5606739921510022	0.6076499526800628
REF0009-mgg-pbdrep | M301484.lib1	100.0	100.0	85.7631302023037	0.0	100.0	77.33790691085983	84.52495369527898	1.2381765070247248	2.2516526466920217	1.128716909352551
REF0009-mgg-pbdrep | M301485.lib1	100.0	100.0	85.74063903991737	0.0	100.0	74.24540258109607	84.523665005137	1.2169740347803595	2.654542585450451	1.1180301772391166
REF0009-mgg-pbdrep | M301486.lib1	100.0	100.0	85.51806421675296	0.0	100.0	74.68706712191859	84.24112984847562	1.276934368277344	2.644842883253565	1.2167912675841328
REF0009-mgg-pbdrep | M301487.lib1	100.0	100.0	84.32752506378549	0.0	100.0	68.37041536338883	82.85360811569275	1.4739169480927385	3.5944012452310825	1.3946833954224573
REF0009-mgg-pbdrep | M301488.lib1	100.0	100.0	24.943510608983193	0.0	100.0	22.13213006337834	24.3772389087903	0.5662717001928906	0.6523835767429044	0.28520253513364563
REF0009-mgg-pbdrep | M301489.lib1	100.0	100.0	85.44972600245441	0.0	100.0	75.6079914973787	84.28730011865291	1.1624258838014967	2.2774767389805803	0.9964398144525899
REF0009-mgg-pbdrep | M301490.lib1	100.0	100.0	85.72599198911264	0.0	100.0	75.07735220310322	84.50260417718822	1.223387811924431	2.4389134623899857	1.0308767827860597
REF0009-mgg-pbdrep | M301491.lib1	100.0	100.0	84.85188277734093	0.0	100.0	74.78014636721602	83.69155228884911	1.1603304884918195	2.26510188574998	0.9182529111688499
REF0009-mgg-pbdrep | M301492.lib1	100.0	100.0	9.352187572816845	0.0	100.0	8.501517967398316	9.133469689618725	0.2187178831981215	0.14701263790877336	0.04981094354872298
REF0009-mgg-pbdrep | M301493.lib1	100.0	100.0	85.6193251526053	0.0	100.0	74.05258472580061	84.36839932855857	1.2509258240467365	2.6113904931824097	1.104106010646783
REF0009-mgg-pbdrep | M301494.lib1	100.0	100.0	85.14178566111995	0.0	100.0	74.40217792011684	83.84019863228045	1.3015870288394948	2.5103964845823965	1.08017477133967
REF0009-mgg-pbdrep | M301495.lib1	100.0	100.0	4.398001472425117	0.0	100.0	3.93534564766025	4.268543870823648	0.1294576016014691	0.08520212757157392	0.03507349717509451
REF0009-mgg-pbdrep | M301496.lib1	100.0	100.0	84.92227877221573	0.0	100.0	75.1710454669455	83.64852356729354	1.2737552049221863	2.2308449762105385	0.9778131987144008
REF0009-mgg-pbdrep | M301497.lib1	100.0	100.0	84.89343015847504	0.0	100.0	73.87336523536277	83.70813155874377	1.185298599731276	2.4823151910852155	1.0017842885117134
REF0009-mgg-pbdrep | M301498.lib1	100.0	100.0	6.176963318499029	0.0	100.0	5.556800312445399	6.072746333391574	0.1042169851074545	0.14173098862246522	0.0596112932567294
REF0009-mgg-pbdrep | M301499.lib1	100.0	100.0	85.419317527496	0.0	100.0	76.65957679533672	84.32547566797493	1.0938418595210802	1.8999667825050495	0.774713639822551
REF0009-mgg-pbdrep | M301500.lib1	100.0	100.0	25.430373862323947	0.0	100.0	22.06873633517589	24.61220954304102	0.8181643192829281	0.625313246798527	0.23575226445656672
REF0009-mgg-pbdrep | M301501.lib1	100.0	100.0	77.78267217726226	0.0	100.0	69.32110539426202	76.23162745560283	1.5510447216594214	1.693381625230043	0.6511273146507217
REF0009-mgg-pbdrep | M301502.lib1	100.0	100.0	0.5448509644314631	0.0	100.0	0.46634781598163766	0.508710746203378	0.036140218228085184	0.013350545731841844	0.005600440794289587
REF0009-mgg-pbdrep | M301503.lib1	100.0	100.0	84.54917624980041	0.0	100.0	74.83039665610062	83.352796217989	1.1963800318114222	2.1598918806760814	0.8607394467495755
REF0009-mgg-pbdrep | M301504.lib1	100.0	100.0	83.0553976410719	0.0	100.0	73.63392548670053	81.98295839503453	1.0724392460373713	2.0712335868235305	0.8297888002054726
REF0009-mgg-pbdrep | M301505.lib1	100.0	100.0	84.07449569537842	0.0	100.0	75.1044680763719	82.9724860889746	1.1020096064038112	1.9565600500513818	0.7732080844748364
REF0009-mgg-pbdrep | M301506.lib1	100.0	100.0	82.94831880979756	0.0	100.0	71.72092376759254	81.73826422308737	1.2100545867102028	2.3960066474591026	0.9225434456321487
REF0009-mgg-pbdrep | M301507.lib1	100.0	100.0	7.339406293631741	0.0	100.0	6.508754285303256	7.186053770360408	0.15335252327133211	0.15929960579705676	0.07196868983074577
REF0009-mgg-pbdrep | M301508.lib1	100.0	100.0	83.75132606188535	0.0	100.0	74.17522992654696	82.52443040131425	1.2268956605710968	2.136740863730618	0.8378596878430521
REF0009-mgg-pbdrep | M301509.lib1	100.0	100.0	84.64782001087532	0.0	100.0	75.02161812434977	83.3286359447596	1.3191840661157208	2.089005237062814	0.8560286206835943
REF0009-mgg-pbdrep | M301510.lib1	100.0	100.0	81.52174690094932	0.0	100.0	72.34713330459148	80.24640196358725	1.2753449373620782	1.9746482937243532	0.786516797009767
REF0009-mgg-pbdrep | M301511.lib1	100.0	100.0	29.850107888779654	0.0	100.0	27.282061022086417	29.437082743710523	0.41302514506913146	0.5101577721352915	0.2314116456160157
REF0009-mgg-pbdrep | M301512.lib1	100.0	100.0	0.8474143164664806	0.0	100.0	0.7267241868298931	0.8259607894673291	0.021453526999151405	0.034707538443653325	0.013703299968044353
REF0009-mgg-pbdrep | M301513.lib1	100.0	100.0	82.09913256545353	0.0	100.0	74.90091598001112	80.60213921309995	1.4969933523535925	1.4549057977925506	0.5931763807287427
REF0009-mgg-pbdrep | M301514.lib1	100.0	100.0	77.0555650496949	0.0	100.0	71.03242958344326	75.7673191076099	1.2882459420850125	1.2065594732245914	0.4850970586787587
REF0009-mgg-pbdrep | M301515.lib1	100.0	100.0	71.0356706401708	0.0	100.0	65.52649430823956	69.7435627792723	1.2921078608985015	1.0016290140989639	0.4192379447153252
REF0009-mgg-pbdrep | M301516.lib1	100.0	100.0	57.66797381442418	0.0	100.0	53.28762475896946	56.736986318842064	0.9309874955821072	0.8387638608064394	0.3195054699988371
REF0009-mgg-pbdrep | M301517.lib1	100.0	100.0	1.3472937934786144	0.0	100.0	1.1990858588994238	1.3114022250407253	0.03589156843788896	0.034088120600400305	0.01187023453691303
REF0009-mgg-pbdrep | M301518.lib1	100.0	100.0	20.610922010571358	0.0	100.0	18.90602289947492	20.30620546689125	0.3047165436801055	0.31006928414992024	0.11235627840567088
REF0009-mgg-pbdrep | M301519.lib1	100.0	100.0	31.001816699917534	0.0	100.0	27.93996197856201	30.39027746521945	0.6115392346980827	0.5939217043020253	0.23839964065342348
REF0009-mgg-pbdrep | M301520.lib1	100.0	100.0	1.618290643943741	0.0	100.0	1.4197313335156467	1.5839628626415188	0.03432778130222228	0.048710572380689494	0.014377458193380653
REF0009-mgg-pbdrep | M301521.lib1	100.0	100.0	77.63749912176847	0.0	100.0	70.1609907264557	76.47725510985588	1.1602440119125936	1.5010355873931824	0.6026990885553511
REF0009-mgg-pbdrep | M301522.lib1	100.0	100.0	86.16966291681508	0.0	100.0	80.91639087447737	85.16940470385624	1.0002582129588324	1.3449624265562807	0.6715302057288695
REF0009-mgg-pbdrep | M301523.lib1	100.0	100.0	86.13610663021942	0.0	100.0	78.9726439734841	85.00741982159879	1.128686808620622	1.9402560379081581	0.9772621055230983
REF0009-mgg-pbdrep | M301524.lib1	100.0	100.0	85.91332993277226	0.0	100.0	76.54886502622172	84.75267804618775	1.1606518865844944	2.3266599003245605	1.0697785811813934
REF0009-mgg-pbdrep | M301525.lib1	100.0	100.0	24.360396588781807	0.0	100.0	21.77147611453928	23.92890984307472	0.4314867457070882	0.5410339966257598	0.22025006355589455
REF0009-mgg-pbdrep | M301526.lib1	100.0	100.0	86.02689847007545	0.0	100.0	77.14356741997656	84.84061055263722	1.1862879174382426	2.436884314021894	1.2025205333635665
REF0009-mgg-pbdrep | M301527.lib1	100.0	100.0	85.72077493393672	0.0	100.0	79.67044749674994	84.62286490586145	1.0979100280752703	1.6725688913494068	0.8620848485661973
REF0009-mgg-pbdrep | M301528.lib1	100.0	100.0	85.68284806861149	0.0	100.0	77.63319574712226	84.54589939810882	1.136948670502677	2.0989992125150807	1.0202351244557886
REF0009-mgg-pbdrep | M301529.lib1	100.0	100.0	1.0890960610845537	0.0	100.0	0.9654416589157346	1.0627789434218022	0.026317117662751542	0.028840676890686624	0.014420338445343312
REF0009-mgg-pbdrep | M301530.lib1	100.0	100.0	85.9645138924996	0.0	100.0	78.40368755880789	84.76235112483458	1.20216276766501	2.268763386395313	1.2138168984319573
REF0009-mgg-pbdrep | M301531.lib1	100.0	100.0	86.13505446249277	0.0	100.0	77.94711956979427	84.96304692731744	1.1720075351753352	2.201593411270068	1.0805762076343415
REF0009-mgg-pbdrep | M301532.lib1	100.0	100.0	85.29793542579195	0.0	100.0	75.11010059549564	83.90204411319993	1.3958913125920107	2.3977248231334696	1.1105920958748912
REF0009-mgg-pbdrep | M301533.lib1	100.0	100.0	44.093000933715686	0.0	100.0	39.70691305990273	43.27926652237235	0.8137344113433389	0.8840600714185588	0.32620652460566546
REF0009-mgg-pbdrep | M301534.lib1	100.0	100.0	67.83885642843464	0.0	100.0	63.18322029386648	66.94501957865246	0.8938368497821716	0.9964576550664205	0.4056051194773566
REF0009-mgg-pbdrep | M301535.lib1	100.0	100.0	85.04669666579936	0.0	100.0	71.32539000963385	83.78988355038143	1.256813115417913	3.0632048238874736	1.187612755393563
REF0009-mgg-pbdrep | M301536.lib1	100.0	100.0	86.56261042354923	0.0	100.0	80.52511083779478	85.50766288279922	1.054947540750021	1.7977473718943715	0.9150790161345339
REF0009-mgg-pbdrep | M301537.lib1	100.0	100.0	85.30629102860593	0.0	100.0	77.1119013269809	84.16798591564778	1.138305112958147	1.8233396811324551	0.777032415500953
REF0009-mgg-pbdrep | M301538.lib1	100.0	100.0	84.90138523625211	0.0	100.0	74.68190359012597	83.67684757910284	1.2245376571492763	2.3106275835072267	0.9775013185871521
REF0009-mgg-pbdrep | M301539.lib1	100.0	100.0	0.7503942270222685	0.0	100.0	0.6581218842941166	0.7253575300894658	0.025036696932802714	0.023623335009176755	0.011357372600565747
REF0009-mgg-pbdrep | M301540.lib1	100.0	100.0	84.31215386232309	0.0	100.0	75.22041239600661	83.16984322490426	1.1423106374188257	2.04651531224809	0.8460424138218465
REF0009-mgg-pbdrep | M301541.lib1	100.0	100.0	85.4170234319889	0.0	100.0	76.71760701633262	84.26621185837698	1.1508115736119227	1.9667877213501876	0.8210447082027483
REF0009-mgg-pbdrep | M301542.lib1	100.0	100.0	84.88018168452601	0.0	100.0	75.9019534713737	83.75357548668583	1.1266061978401736	2.0167813093691556	0.8242077147155666
REF0009-mgg-pbdrep | M301543.lib1	100.0	100.0	2.6661671947156678	0.0	100.0	2.431936804508277	2.6057616344688626	0.06040556024680549	0.045031226542507435	0.019043412178548453
REF0009-mgg-pbdrep | M301544.lib1	100.0	100.0	84.88007518159657	0.0	100.0	75.99734258375868	83.7578161556072	1.1222590259893666	1.9234328763145976	0.7690497104285362
REF0009-mgg-pbdrep | M301545.lib1	100.0	100.0	85.93841535402974	0.0	100.0	77.40004339037793	84.77506833097031	1.1633470230594283	1.9939806944283867	0.887344524199656
REF0009-mgg-pbdrep | M301546.lib1	100.0	100.0	1.7217412705176731	0.0	100.0	1.5716828195037245	1.6781783640856311	0.04356290643204225	0.03000409422956702	0.010634362511745274
REF0009-mgg-pbdrep | M301547.lib1	100.0	100.0	85.41998772392708	0.0	100.0	77.03927312469881	84.23715043846116	1.1828372854659388	1.8976059067709499	0.8125840263208783
REF0009-mgg-pbdrep | M301548.lib1	100.0	100.0	84.29332018916543	0.0	100.0	67.85651694438506	82.84990232266806	1.4434178664973663	3.555763281618051	1.34734633499975
REF0009-mgg-pbdrep | M301549.lib1	100.0	100.0	83.98838053572513	0.0	100.0	76.12274973441372	82.84297931612399	1.1454012196011383	1.6844298160672362	0.6791389286054297
REF0009-mgg-pbdrep | M301550.lib1	100.0	100.0	28.431396297856004	0.0	100.0	26.966600951809518	27.89418665752373	0.5372096403322763	0.21130618527117626	0.08287339144563989
REF0009-mgg-pbdrep | M301551.lib1	100.0	100.0	83.98799837240412	0.0	100.0	71.07934176713219	82.70311586731916	1.2848825050849757	2.856738516834341	1.1330660530976666
REF0009-mgg-pbdrep | M301552.lib1	100.0	100.0	0.7807648208992477	0.0	100.0	0.6967645232266915	0.7550477560296803	0.02571706486956739	0.021732730875690755	0.008396736929244154
REF0009-mgg-pbdrep | M301553.lib1	100.0	100.0	84.42518931063161	0.0	100.0	76.04828305983948	83.28043236433072	1.1447569463008835	1.7736895055000181	0.7361190605162802
REF0009-mgg-pbdrep | M301554.lib1	100.0	100.0	81.30004069373223	0.0	100.0	71.18973791548339	79.92393264637403	1.3761080473581941	1.9023948939213386	0.7358582886175462
REF0009-mgg-pbdrep | M301555.lib1	100.0	100.0	79.95299743582056	0.0	100.0	72.86641127181561	78.78119776790601	1.1717996679145448	1.5325701766633826	0.6140866470173606
REF0009-mgg-pbdrep | M301556.lib1	100.0	100.0	83.29085503279893	0.0	100.0	77.22852914718463	82.1485215733551	1.1423334594438348	1.2691609068004996	0.5182799631531754
REF0009-mgg-pbdrep | M301557.lib1	100.0	100.0	81.78971515667774	0.0	100.0	73.77788344137493	80.07663558490327	1.7130795717744642	1.37481151037099	0.5454316338103331
REF0009-mgg-pbdrep | M301558.lib1	100.0	100.0	0.815426302638151	0.0	100.0	0.7034909005466748	0.7740151848780544	0.04141111776009651	0.028065436092906557	0.01473693033519818
REF0009-mgg-pbdrep | M301559.lib1	100.0	100.0	1.043902552696786	0.0	100.0	0.8884046357118629	0.968912715324725	0.07498983737206093	0.025066736747803707	0.008317819682615303
REF0009-mgg-pbdrep | M301560.lib1	100.0	100.0	82.22421329930741	0.0	100.0	77.20809516018832	81.06830999885453	1.1559033004528774	1.0358224793535646	0.4287979879742357
REF0009-mgg-pbdrep | M301561.lib1	100.0	100.0	77.44757675585944	0.0	100.0	71.22326390806226	76.38164755249575	1.0659292033636816	1.3106543217255409	0.5216179114890491
REF0009-mgg-pbdrep | M301562.lib1	100.0	100.0	68.30666749906355	0.0	100.0	63.71615058059683	67.16414658509177	1.1425209139717818	0.839255837183169	0.32047072043950553
REF0009-mgg-pbdrep | M301563.lib1	100.0	100.0	0.7113375529483618	0.0	100.0	0.6164686984554205	0.6875403249112357	0.023797228037125938	0.022912362754099892	0.011597383283915803
REF0009-mgg-pbdrep | M301564.lib1	100.0	100.0	81.14016208414951	0.0	100.0	76.15327603601763	79.83003966496078	1.3101224191887313	0.9261958084673767	0.38041246187370764
REF0009-mgg-pbdrep | M301565.lib1	100.0	100.0	77.12243099184452	0.0	100.0	70.44572583775071	75.78922819853898	1.333202793305556	1.2989258587768926	0.5152073619690593
REF0009-mgg-pbdrep | M301566.lib1	100.0	100.0	81.48191788330908	0.0	100.0	75.10047621485324	80.31518658106464	1.166731302244439	1.2660314151829681	0.5097269358773955
REF0009-mgg-pbdrep | M301567.lib1	100.0	100.0	78.80049615944475	0.0	100.0	73.44560676367871	77.55343857692047	1.2470575825242698	1.0407104687116373	0.42298634562816306
REF0009-mgg-pbdrep | M301568.lib1	100.0	100.0	0.8791598414420547	0.0	100.0	0.7631487508952568	0.857697316948067	0.021462524493987892	0.0318155924767706	0.012551322143510542
REF0009-mgg-pbdrep | M301569.lib1	100.0	100.0	73.58438328782607	0.0	100.0	69.68081520394288	72.40224305901289	1.1821402288131817	0.6746088971147113	0.27526834691060603
